246463900
10816297881
10816297885
246463994
10816297886
4465752579
3751290387
12023194862
11660875549
12023217776
12023194864
11660875548
3751290384
246463997
10814931887
246463995
246464019
246464020
11122308567
246453446
11122308566
246464045
10814931891
246453445
10814931893
11122308564
11122308565
246464062
246453442
246453441
11122308563
11122308562
11122308561
3468195456
11122308560
246453440
246463854
3468189303
12540586949
225048212
246451757
12540586956
12540586957
12540586940
12542340006
12542340007
12542340008
12542340044
12542340009
12542340010
12542340011
12542340012
12542340013
12542340014
12542340015
12542340021
12542340025
12542340022
12542340023
12542340024
12542340032
12542340033
12542340034
12542340035
12542340026
12542340036
12542385099
12542340037
12542384936
12542384935
602894807
12542384934
12542384933
12542385091
12542384932
12542384931
12542384930
12542385089
12542384929
12542384928
12542384927
12542384926
12542384925
12542384924
12542384923
12542384922
12542384921
12542384920
12542384919
12542384918
12542384917
12542384955
12542384916
12542384915
12542384948
12542384914
12542384913
12542384912
12542384911
12542384910
12542384943
12542384909
12542384908
12542384907
12542384906
12542384905
12542384904
12542384903
12542384902
12542384901
12542373200
12542373198
12542373199
12542373197
12542373196
12542373195
12542373194
12542373193
12542373192
12542373191
12542373190
12542384938
12542385058
12542385059
12542385057
12542373185
12542373189
12605465353
12542363644
12542363646
11685291450
12605465367
12605465368
12605465369
12605465370
12605465371
12605465372
12605465373
12605465374
12605465375
11685291445
12605596534
12605465376
12542363639
12605465377
12605465378
12605465379
12605465380
12605465381
12605465382
11685291437
12605465383
12605465384
12605465385
12605465386
12605465387
12605465388
12542363649
12542363648
602894806
12542363650
12542363651
12542363652
12542363653
12542363654
12542363655
12542363656
12542363659
3468199495
12639810802
3751410770
12639810810
12639810809
12639810808
12639810807
12639810812
12639810813
12639810814
12639810815
4567044398
12647819005
12647819006
12647819004
12647819003
12647819002
12647819001
12647819060
12647818999
12647818998
12647819000
3751410776
12647818995
12647818994
12647818993
12647818992
12647818991
12647818990
12647818989
12647818988
12647818987
12647818986
12647818985
12647818984
12647818983
12647818982
12647818981
4567044397
246461065
3751410768
3751443618
246461067
246461076
11573789777
246461074
11573789775
246461115
11570807933
246461110
246461113
12065657673
10897831453
10897831460
11570807934
12054231118
12054231119
246461111
12054231120
12054231121
12054231122
11570807935
9910235820
12065657677
3969535971
12054231049
12054231050
12054231051
12054231052
12054231053
3969535972
12054231065
12054231059
3969535970
5279828628
5279827501
8917823685
8917823683
8917810679
8917810680
8917823690
8917810694
8917810695
8917810696
8917810697
8917810698
8917810699
8917810700
8917810701
8917810687
8917810688
8917810689
8917810690
8917810691
8917810692
10927057012
8917810677
8917810676
8917810675
8917810671
8917810565
8917810564
8917810563
8917810562
8917810561
8917810572
8917810551
4070256265
4070256255
8917810550
8917658016
8917658017
8917658018
4070377390
8917658019
8917658020
8917810606
8917810605
8917810604
8917810603
8917810602
8917810601
8917810600
8917810599
8917810607
8917810592
8917810594
8917810423
8917810424
8917810425
8917810426
8917810427
8917810428
8917810429
8917810430
8917810431
8917810432
8917658007
4070377397
8917658006
8917658005
8917657913
8917657916
8917657915
4070256252
8917657820
8917657847
10936907576
8917657852
8917657849
8917657848
4070256251
8917627418
8917627433
4070256250
8917607711
4070256247
11685065030
8917657883
8917657889
437697287
8917657887
11708434323
8917657886
11692805593
11692805592
11692805591
11692805594
11692805595
11692805596
11692805598
2151122526
2151122559
11692805641
11692805639
11691057710
11691057703
11691057706
11691057705
11691057709
11691057725
11691057724
11691057727
11691057726
11691057739
11691057740
11691057741
11691057742
11691057743
11691057849
11691057744
10111388714
10111388716
10111388715
11691057754
11691057755
11691057756
291487986
11691057757
11691057758
11691057759
11691057760
10080853274
10080853275
11691057761
10080853271
10080853270
10080853269
10080853268
10080853267
10080853266
11691057764
9546107133
9546107134
9559406176
2151122541
9559445387
2151122544
9359407885
9359407884
9405498143
11733762768
438304267
9359369487
9356846086
2149748141
9359369464
9359369462
9359369463
9359369458
9359369457
9359369456
9359369455
9359369454
9359776016
9359776015
9359776014
9359776013
9359776012
9359776011
9359369453
9359369452
9359369451
9359369450
9359369449
9359369448
9359369435
9359369437
9359369431
9359369430
9359369429
9359369428
9359369427
9359664711
9359664713
9359664712
9359369425
9359369426
9359369424
9359369423
9359369422
9359369421
9359345788
9359345759
9359345761
9359345743
9359345742
9359345741
9359345740
9359345739
9359345737
9359345738
9359345736
9359668810
9359345735
9359345734
9359345733
11699245732
9356993060
11716373973
9356993051
11716302468
9351007504
11699245733
11699245734
9351007507
9351007508
9351007509
9351007510
9351007512
9351007511
9351007513
9351007514
9351007515
9351007453
9351007451
9351007492
9351007431
9351007433
9351007490
9351007489
9351007488
9351007486
9351007487
9351007485
9351007484
9351007483
9351007482
9351003108
9351003109
9351007421
9351003094
9351003095
9351003096
9351003097
9351003098
9356690940
9351003099
9351003100
9351003101
9349732404
9349732403
9349732402
9349732401
9354599869
9354599870
9354599873
9354599871
9354599872
9354599874
9354599875
9349732400
9349732399
9349732398
9349732397
12228746612
9349732396
9349732385
9349732382
9349732383
9349172756
9401634295
9401634286
9401366446
438294642
9401498062
9401498028
9401498027
9401498039
9401498040
9401699392
9401498041
9401702227
9401498042
9401498043
12228796397
12228796398
9401498046
12228796396
9401498051
9401498059
9401699408
9735380754
9401498050
9401498049
12228796399
9398240945
11595585236
9398240951
11595585229
9398240949
11595585230
9398240950
11595585235
9398240947
11595585234
286084172
11165873370
12231020596
11165873366
12231020594
11165873368
10816884817
798489258
803760699
11165873385
11165873384
11165864288
11165864282
11165864286
11165864285
11165864300
11165857792
11165857793
11165857795
802213577
11165941110
802213554
11165941113
802213579
9943427488
11165873456
437659642
11165873453
11165873452
11165873448
11165873430
11165873436
11165873433
11165873437
11165873438
11165873441
11165873443
11165873442
11165873439
11165873440
11165873416
11217863392
11165873420
11217863430
11165873418
11165941274
11167575170
11167575171
11167575173
11167575172
11167575169
11167575168
11167575167
11167575158
11167575165
11167575163
11167575175
11167575188
11167575187
11168445971
11168445970
11168445979
11168445981
11168445980
11168445977
11168445978
11168445976
11168445974
11168445975
11168445973
11168445969
11168001172
11168001170
11168001171
438290687
1537045905
11168001168
11168001167
11168001165
11168001161
11168001160
11168001120
9283488912
9283488914
8959864519
11168001116
8959864520
8959864521
8959864522
11168001118
8959864524
8959864525
8959822305
8959864526
8959864527
8959864528
8959810590
8619173296
8619173298
8619173295
8959864541
11168001113
8959864537
8959864536
8959864544
8959864535
8959864534
11168001110
11168001111
8959870473
8959864533
8959864543
8955497068
8963260071
8963260048
8963260072
8963260070
8957058351
8957058350
8957105079
438332902
8957105057
8957176688
8957176640
11168446051
8957176643
8957176682
8957176642
8957176641
8957176639
8957176638
8957176637
8957176636
8957176635
12089917022
8957176634
8957058347
8957176683
8957176684
8957176685
8957181923
8957054291
8957054293
8957054295
8957054297
8957054298
11168446058
8957054300
8957054301
8957054302
9947285255
11168446059
8957054304
8957054305
8957054306
8957054307
11168446075
11168446076
11168446070
11168446074
12090824672
9943427227
7498905773
9943427197
9943427196
9943427195
9943427191
9943427194
9943427181
9943427193
11169587522
9943427192
437787997
3621826212
11169587547
11169587584
6816272262
6816272260
6816272250
10979509688
6816272251
6816272252
6816233756
6816233757
10979509679
10979509680
10979509799
10979509672
10979509800
10979509807
10979509806
10979509805
10979509804
8026537926
12498925083
11087174097
8026537924
11519911444
8026537923
8026537920
8026537921
8026537922
11527062915
8026549724
11527062914
11527062920
8026537918
8026537919
8026537911
8026537910
12255731323
12255731328
12255731311
8026537913
209450049
8026537905
8026537904
10979509816
11527062926
12255731309
11527062927
8026537903
8026549730
8026549729
11527164773
12255748226
11014615539
12255748220
12255748222
12255748221
11014615540
10075919375
10075919379
10075919377
10075919376
11541037789
11087174057
12255748212
12255748214
12255748213
11087174058
11541037788
11541037786
10075919389
10075919390
10075919388
11541037785
11541037784
11541037783
11541037781
11541037782
11541037777
12255731394
12255731395
11541037774
11087174046
11087174042
11087174043
11087174041
11087174044
11541037636
12255856944
11541037642
11541037631
11541037633
11541037630
11541037629
11087136699
11087136689
11087136698
11541727975
12255856926
12255856928
12255856927
11541727974
12255856924
11541037822
11075947584
8463621136
11075700059
11075700058
12255856921
11075700057
12255856917
12255856919
12255856918
11075700056
11550173306
8463621139
11550173304
11075700067
11075700070
1456706528
2278745866
11511619331
9722103124
1235186862
11511619330
12258373677
1235186860
5371361468
11511619320
11511619327
11511619322
11511619321
11075947602
11075947601
11075947608
11075947600
11075947599
11541728031
11541728032
11300837155
11541728029
11541728030
11300837154
11300392125
11511619334
1456706547
437731034
438111583
8892311870
11511619312
11300392117
11300392114
11511619261
11511619250
11300392113
11300392108
11300392107
11511619253
11511619252
11300392105
11300392104
11300441070
11300441069
11300488346
11300441078
11300488345
11300488338
11300488344
11300488343
11542201433
11542201435
11542201440
11542201441
11300488342
11300488341
11300488340
11542201442
11542201437
11300787103
11300787106
11511619228
11511619222
11511619227
11511619223
11511619224
11120879629
3215289251
11120879624
6772820966
6772820965
11120879623
6772820964
6772820963
6772820962
11120864460
11120864454
11120864459
11120864453
11147305901
11147305899
11147305898
11147305897
11147305896
11147305895
11147305894
11147305893
11147305892
11147305891
11147305890
11147305889
11147305888
11147305887
11147305886
11147305885
11147305884
11147305883
11147305882
11147305881
11147305880
11147305879
11147305878
11147305877
11147305876
11121943283
11147305874
11121943280
11121943281
1931013719
4105789867
10965600997
4112514068
4105789868
4112514067
6767549639
2492314993
10965600996
6767549640
2492314994
10965600995
12688813037
10965600865
7450468246
7450468247
7450468248
7450468249
7450468250
9074455928
9074455929
11511172593
11673172608
9307175772
10958122414
9074455930
10958122415
11673172538
9074455931
3075301343
6767549657
3075301379
6767549176
6767549175
6767549174
6767549173
6767549172
10965600846
10965600845
6767549171
6767549170
6003781482
10965600965
10965600966
10965600967
8432524914
8432524915
8432524916
8432542817
8432542818
8432542819
8432542820
8432542821
1423604455
10960642884
10960642885
10965600970
6767549600
10960642886
10965838633
10965838632
10965838631
10965838630
10965835597
10963905317
9074423610
10965835596
9074423611
10965835595
9074423612
9074423613
11511172608
10965835594
11511172609
10965600841
9074423614
10965600840
9074423615
9074423616
9074455917
3075301381
3148354072
10963905309
10963905313
10963905314
10963905312
10963905311
10963905310
1754976661
9222053761
6767549765
9222053760
6767549766
6767549767
1754976658
316152185
8016511639
8016511640
8016511641
316152171
9222053759
9222053758
8016511638
316152168
9307002813
316152165
8016511637
8016511636
9307002812
5772056164
10965591402
5772056163
6011377945
6011377946
6011377947
9222053757
10965712450
6011377948
6011377949
316152157
1960726394
9307002815
9307152718
6767549762
9307002814
9307152719
6767549761
2516860717
316152155
6767549682
6767549681
6767549690
10963905315
6767549689
6767549688
6767549687
6767549686
6767549685
6767549684
10965591385
10965591384
6767549683
10965712451
5010401432
5010401433
6767549730
5010401434
10965838769
10963901192
5010401435
5010401436
6188320209
5010401437
5010401438
5010401439
5010400294
6767549704
6767549703
6767549702
6767549701
6767549700
6767549699
5010400292
6030754267
1330276369
1330276767
1767776859
1767776857
5212791929
26232555
9307152727
6767549169
6767549162
6767549161
10025659778
6767549160
10965838801
2516860752
6298450828
6298450825
6298450831
316151648
10965838798
4096445908
10965838799
4096445907
10965838785
4096445906
10965838771
1754982676
10965838812
6030754282
4325193069
1754982675
6818355568
6818355567
9074423583
4618656700
1754982674
4096445904
1754982673
6298452391
6298452390
4096445903
6298452389
6298450877
4096445901
6818355566
1754982671
4096445900
6818355565
4096443293
6818355551
12020505830
6818355550
12020505829
12020505828
4096443188
6818355549
12020505827
4096443187
12020505825
32126094
6006075054
1754982664
11367024629
3148354029
32126093
12020505906
6818355527
12020505905
32126092
32126090
12020505904
32126091
10961924715
6818355526
11310532379
1754982650
4363231858
6818355525
2636957468
10965838865
12616903151
6818355523
12616903150
2636957469
6818355517
12616903149
6818355516
10961924714
6818355515
12616903148
6818355514
10961924712
10961924713
2636957471
10966098346
10966098347
10966098348
10966098349
10966098350
6818355510
5010397415
5010397414
5010397413
5010397412
6818355497
5010397411
6818355496
6818355491
6818355492
6818355493
6818355494
10965838868
6818355495
10961917702
10961917698
10961917697
10961917696
10961917695
10961917694
10961917703
10961917693
10961924800
10961917692
10961917691
10961917690
10961917689
10961917688
10961917687
10726188493
11862213261
10726188492
11862213265
10726188500
11862213264
10726188491
11862213260
10726188490
10961924794
10961924877
10961924878
11862213215
11862213214
11862213219
10961924873
11862213213
10961924874
11862213223
10961924875
10961924876
11862213222
10961924872
11862213224
10961924871
10961924870
11862213180
11862213176
10961924869
10961924868
11862213080
11862213081
10944360629
11862194541
9018175614
11862006360
10944360630
11862006361
11862006359
11862006358
10944360653
11862006357
10944360654
11862213084
10944360657
11862213083
10944360656
11367024599
11862006356
11367024598
11367024597
11367024605
11862213076
11367024600
11862006352
11862213422
11862006351
6624759094
10926590262
6624759113
6624759093
10926590260
10926590259
10926590267
11862212932
10926590268
10926590269
